2020-01-26 16:00:16
h	°C	1	2	3	4	5	6
0,0	-0,0	5,430469599999999	6,319775999999999	7,419385500000002	5,835740000000001	6,9175088	8,381510666666667
2,0	-0,0	7,488003266666666	7,8086444	8,5401871	7,4509760000000025	7,6817671999999995	8,315106
4,0	-0,0	7,6643202666666665	7,8369634	8,7194823	7,698434800000003	7,583328799999999	7,951498333333333
6,0	-0,0	7,881966266666666	7,119922900000001	8,614991100000001	7,667184800000002	7,6893855	7,860026333333333
8,0	-0,0	7,681313866666667	7,409815200000001	8,546583000000002	7,672264000000002	7,627664800000001	7,859701666666666
10,0	-0,0	7,519008666666667	7,396534399999999	8,3741691	7,413865600000003	7,646611199999999	8,435058333333334
12,0	-0,0	6,675502766666667	6,613134800000001	7,742918700000001	6,786911600000001	7,060283600000001	8,332846999999997
14,0	-0,0	5,533901766666666	6,2895024	7,282911	5,305857200000001	6,723563600000001	6,701172333333332
16,0	-0,0	6,076430266666665	6,3236828	7,460888500000001	5,094334000000002	6,9311816	6,538576333333333
18,0	-0,0	6,625649066666666	6,2459004	7,829052300000001	5,633591200000002	7,008328800000001	6,911786333333333
20,0	-0,0	6,527553266666667	6,653175600000001	7,9333499000000005	6,067576400000002	7,1290316	7,451010666666665
22,0	-0,0	6,427406266666667	6,904542	7,9093755	6,6406236000000005	7,105009199999999	7,589356333333332
24,0	-0,0	6,754164666666666	6,924463599999999	7,890088500000003	6,581834000000002	7,225322800000001	7,998048
26,0	-0,0	6,550259766666667	6,4819838999999995	8,3380363	6,945114400000002	6,9970016	7,768229666666666
28,0	-0,0	7,576039866666666	7,0970544	8,6954595	7,472654000000001	7,4128224	8,407389666666667
30,0	-0,0	7,592249866666667	7,3799332	8,8122555	7,730270800000002	7,555009600000001	7,487631333333333
32,0	-0,0	7,369789066666667	8,073617733333336	8,680616500000001	7,816210000000001	7,5661424	7,9975593333333315
34,0	-0,0	7,805337466666667	7,343408800000001	8,7544443	7,831834400000001	7,7034460000000005	8,111980666666668
36,0	-0,0	7,508265466666667	7,3797380000000015	8,4382331	7,394529200000001	7,553056399999999	8,125488999999998
38,0	-0,0	5,9929676	6,5365728	8,190769500000002	6,282420000000002	6,6490219999999995	6,296875666666667
40,0	-0,0	6,107876266666667	6,9586448	8,202879900000001	6,5757796000000015	7,026688000000001	7,632813666666666
42,0	-0,0	6,569464933333333	6,8537608	8,331982300000002	6,848826000000001	7,0126252000000004	6,929689333333333
44,0	-0,0	6,327358266666666	6,852979599999999	7,972364000000001	6,715623600000001	6,9565719999999995	7,375489999999999
46,0	-0,0	6,760221266666667	6,6465349	8,1431155	6,904295200000002	7,123954400000001	7,585937333333333
48,0	-0,0	6,700972933333335	7,050831200000001	8,1749507	7,154294800000002	7,1167268	7,945313666666666
50,0	-0,0	6,9003567666666665	6,9623539999999995	8,3222167	7,181052800000002	7,0530556	8,015788666666666
52,0	-0,0	7,3912742666666675	7,3359856	8,6362783	7,403513200000001	7,2731728	8,182292666666665
54,0	-0,0	7,348111266666667	7,653566	8,693308700000003	7,560349200000002	7,423368800000001	8,197103333333335
56,0	-0,0	7,005093266666667	7,5783700000000005	8,643017500000001	7,6874980000000015	7,488994399999999	7,489497999999999
58,0	-0,0	7,2527349333333335	7,407667200000001	8,5075687	7,712498400000001	7,5370404	7,434897333333332
60,0	-0,0	6,914273266666667	7,2340336	8,3519039	7,480466800000002	7,289384000000001	7,106543999999999
62,0	-0,0	6,333706766666667	6,690479900000001	8,027489500000001	6,940427600000002	6,734959333333333	6,5911136
64,0	-0,0	6,627164266666666	6,7974134	8,007569100000001	6,7593732000000015	6,931817499999999	6,786866499999999
66,0	-0,0	7,042447266666666	7,0051768999999995	7,975293000000001	6,854881200000001	7,165946399999999	7,4456393333333315
68,0	-0,0	6,748257766666667	7,2061052	8,074559100000002	7,069139200000001	6,9289700000000005	7,032065666666667
70,0	-0,0	7,329163866666667	7,147901200000001	8,162841100000001	7,190232400000001	7,3028608	7,376790999999998
72,0	-0,0	7,052945266666667	7,5738784	8,2429207	7,2945296000000015	7,269266400000002	8,263672666666665
74,0	-0,0	7,145310933333334	7,299854	8,293505500000002	7,267967200000001	7,063164	7,782390333333332
76,0	-0,0	7,418813466666666	7,2813004	8,3820305	7,4343736000000025	7,223565499999999	8,205177599999999
78,0	-0,0	7,646937866666667	7,396534000000001	8,635301900000002	7,544138800000002	7,316990666666666	7,699545333333333
80,0	-0,0	7,779360666666667	7,4623539999999995	8,3778815	7,614256400000001	7,630985599999999	7,808269666666665
82,0	-0,0	7,786343266666666	7,8348152	8,276317500000001	7,590428400000002	7,613406800000001	8,177572000000001
84,0	-0,0	7,5537746666666665	7,5037612000000005	7,790478500000001	7,375584000000002	7,3944616000000005	7,893554999999999
86,0	-0,0	7,465297866666667	7,5736827999999985	7,822704500000002	7,180272000000001	7,3061812	7,871421000000001
88,0	-0,0	7,466469066666667	7,401026400000001	7,911329	7,025780000000002	7,3464160000000005	7,558757333333332
90,0	-0,0	7,407680766666666	7,2500504	7,800001500000002	7,041404800000001	7,4755164	7,464194
92,0	-0,0	7,431702666666666	7,349660000000001	8,005614300000001	6,999998400000001	7,372588399999999	7,118815999999999
94,0	-0,0	7,405728766666666	7,0872084	7,829541000000001	7,081052800000002	7,4848924	7,203451666666666
96,0	-0,0	7,470180766666666	6,948941733333332	8,125683500000001	7,285154800000002	7,497978	7,222330999999998
98,0	-0,0	7,602993266666667	7,450440800000001	8,3187007	7,358005600000002	7,5386032	8,091472666666665
100,0	-0,0	7,7938138666666665	7,5094248	8,2663095	7,362302400000002	7,5829384	8,089356666666667
102,0	-0,0	7,940297066666666	7,406689599999999	8,169140000000002	7,461522000000002	7,6171188	8,200846666666667
104,0	-0,0	8,039710666666668	7,4824704	8,052442500000002	7,516990400000002	7,6454396	8,239421666666665
106,0	-0,0	7,987368666666667	7,377589200000001	7,856397500000002	7,463670000000002	7,5593068	7,9978859999999985
108,0	-0,0	7,590785766666667	7,391066400000001	7,6835450000000005	7,267380800000002	7,309504666666666	7,504232333333332
110,0	-0,0	7,314664266666666	7,5365728	7,597280833333334	6,994139600000001	7,246678666666667	7,467123666666666
112,0	-0,0	7,565882266666668	7,653759999999999	7,625928000000002	7,039452000000002	7,4595020000000005	7,935385
114,0	-0,0	7,408412766666666	7,572315199999999	7,871045500000001	7,0271468000000015	7,503838	7,111425599999999
116,0	-0,0	7,2985497666666665	7,672706400000001	7,6581545	6,987693200000001	7,533524000000001	7,966146666666666
118,0	-0,0	7,422329266666667	7,5514171999999995	7,623487500000003	7,153708800000002	7,579813199999999	7,767415999999998
120,0	-0,0	7,470914266666666	7,5467308	8,098780300000001	7,232810400000002	7,343359333333333	7,800457333333333
122,0	-0,0	7,383267266666667	7,343214	8,113036699999999	7,208982800000001	7,4364565	8,079103333333332
124,0	-0,0	7,751039066666666	7,4041508	8,025587	7,3523412000000015	7,575516	7,948568999999999
126,0	-0,0	7,7930318666666665	7,238331199999999	7,923536000000001	7,376170400000001	7,43914	7,514160666666666
128,0	-0,0	7,650602266666667	7,3014168	7,632032000000001	7,404295600000002	7,523564	8,047526999999999
130,0	-0,0	7,755140666666667	7,417237600000001	7,486766500000002	7,303904400000002	7,579423599999999	7,8393559999999995
132,0	-0,0	7,247524266666668	7,5865736	7,3078135	6,9367176000000015	7,492899600000001	7,439616999999998
134,0	-0,0	7,354945766666667	7,686768	7,461214166666666	6,9761700000000015	7,5091104	7,74463
136,0	-0,0	7,266273466666668	7,5010264	7,085158000000002	6,758201200000002	7,527078400000001	7,935222333333332
138,0	-0,0	7,619203866666666	7,651613200000001	7,5456065	7,0492180000000015	7,4407504	7,586915666666666
140,0	-0,0	7,630140666666667	7,640676000000001	7,554883000000002	7,109764	7,410866800000001	8,089845
142,0	-0,0	7,5983062666666665	6,995491066666666	7,545849500000001	7,130662800000001	7,3643844	7,942383666666667
144,0	-0,0	7,7205710666666665	7,554346000000001	7,839795500000001	7,2273412000000015	7,413016800000001	7,509277666666666
146,0	-0,0	7,777601466666667	7,45122	7,962255500000001	7,312301600000001	7,4202432	7,8854169999999995
148,0	-0,0	7,746157066666667	6,915087733333333	7,698926000000002	7,314062000000002	7,386651999999999	7,762208666666666
150,0	-0,0	7,781117466666666	7,197965733333334	7,663281500000002	7,345701600000001	7,377128999999999	7,493652999999999
152,0	-0,0	7,825063466666665	7,866066	7,550245	7,367967600000002	7,485087199999999	7,561199666666666
154,0	-0,0	7,7037742666666675	8,0086436	7,5798343	7,195311200000001	7,4327939999999995	7,609864999999998
156,0	-0,0	7,464515866666667	8,0387224	7,3688485	6,879294800000001	7,381118666666667	7,868815999999999
158,0	-0,0	7,5397110666666665	8,134034	7,252393	6,975583200000001	7,344986	7,935547333333332
160,0	-0,0	7,203823266666666	8,043213999999999	7,3839845	6,754296800000001	7,545244	7,310547666666666
162,0	-0,0	7,555141066666667	7,700895066666667	7,329298	6,952342400000001	7,5024704	7,505696999999999
164,0	-0,0	7,551235766666667	8,0248544	7,4770015	7,137498400000001	7,449149200000001	7,133463999999997
